/*--------------------------------*- C++ -*----------------------------------*\
  =========                 |
  \\      /  F ield         | OpenFOAM: The Open Source CFD Toolbox
   \\    /   O peration     | Website:  https://openfoam.org
    \\  /    A nd           | Version:  10
     \\/     M anipulation  |
\*---------------------------------------------------------------------------*/
FoamFile
{
    format      ascii;
    class       cellSet;
    location    "constant/polyMesh/sets";
    object      c1;
}
// * * * * * * * * * * * * * * * * * * * * * * * * * * * * * * * * * * * * * //


2240
(
17080 
17081 
17082 
17083 
17084 
17085 
17086 
17087 
17088 
17089 
17090 
17091 
17092 
17093 
17094 
17095 
17096 
17097 
17098 
17099 
17100 
17101 
17102 
17103 
17104 
17105 
17106 
17107 
17108 
17109 
17110 
17111 
17112 
17113 
17114 
17115 
17116 
17117 
17118 
17119 
17120 
17121 
17122 
17123 
17124 
17125 
17126 
17127 
17128 
17129 
17130 
17131 
17132 
17133 
17134 
17135 
17136 
17137 
17138 
17139 
17140 
17141 
17142 
17143 
17144 
17145 
17146 
17147 
17148 
17149 
17150 
17151 
17152 
17153 
17154 
17155 
17156 
17157 
17158 
17159 
17160 
17161 
17162 
17163 
17164 
17165 
17166 
17167 
17168 
17169 
17170 
17171 
17172 
17173 
17174 
17175 
17176 
17177 
17178 
17179 
17180 
17181 
17182 
17183 
17184 
17185 
17186 
17187 
17188 
17189 
17190 
17191 
17192 
17193 
17194 
17195 
17196 
17197 
17198 
17199 
17200 
17201 
17202 
17203 
17204 
17205 
17206 
17207 
17208 
17209 
17210 
17211 
17212 
17213 
17214 
17215 
17216 
17217 
17218 
17219 
17220 
17221 
17222 
17223 
17224 
17225 
17226 
17227 
17228 
17229 
17230 
17231 
17232 
17233 
17234 
17235 
17236 
17237 
17238 
17239 
17240 
17241 
17242 
17243 
17244 
17245 
17246 
17247 
17248 
17249 
17250 
17251 
17252 
17253 
17254 
17255 
17256 
17257 
17258 
17259 
17260 
17261 
17262 
17263 
17264 
17265 
17266 
17267 
17268 
17269 
17270 
17271 
17272 
17273 
17274 
17275 
17276 
17277 
17278 
17279 
17280 
17281 
17282 
17283 
17284 
17285 
17286 
17287 
17288 
17289 
17290 
17291 
17292 
17293 
17294 
17295 
17296 
17297 
17298 
17299 
17300 
17301 
17302 
17303 
17304 
17305 
17306 
17307 
17308 
17309 
17310 
17311 
17312 
17313 
17314 
17315 
17316 
17317 
17318 
17319 
17320 
17321 
17322 
17323 
17324 
17325 
17326 
17327 
17328 
17329 
17330 
17331 
17332 
17333 
17334 
17335 
17336 
17337 
17338 
17339 
17340 
17341 
17342 
17343 
17344 
17345 
17346 
17347 
17348 
17349 
17350 
17351 
17352 
17353 
17354 
17355 
17356 
17357 
17358 
17359 
17360 
17361 
17362 
17363 
17364 
17365 
17366 
17367 
17368 
17369 
17370 
17371 
17372 
17373 
17374 
17375 
17376 
17377 
17378 
17379 
17380 
17381 
17382 
17383 
17384 
17385 
17386 
17387 
17388 
17389 
17390 
17391 
17392 
17393 
17394 
17395 
17396 
17397 
17398 
17399 
17400 
17401 
17402 
17403 
17404 
17405 
17406 
17407 
17408 
17409 
17410 
17411 
17412 
17413 
17414 
17415 
17416 
17417 
17418 
17419 
17420 
17421 
17422 
17423 
17424 
17425 
17426 
17427 
17428 
17429 
17430 
17431 
17432 
17433 
17434 
17435 
17436 
17437 
17438 
17439 
17440 
17441 
17442 
17443 
17444 
17445 
17446 
17447 
17448 
17449 
17450 
17451 
17452 
17453 
17454 
17455 
17456 
17457 
17458 
17459 
17460 
17461 
17462 
17463 
17464 
17465 
17466 
17467 
17468 
17469 
17470 
17471 
17472 
17473 
17474 
17475 
17476 
17477 
17478 
17479 
17480 
17481 
17482 
17483 
17484 
17485 
17486 
17487 
17488 
17489 
17490 
17491 
17492 
17493 
17494 
17495 
17496 
17497 
17498 
17499 
17500 
17501 
17502 
17503 
17504 
17505 
17506 
17507 
17508 
17509 
17510 
17511 
17512 
17513 
17514 
17515 
17516 
17517 
17518 
17519 
17520 
17521 
17522 
17523 
17524 
17525 
17526 
17527 
17528 
17529 
17530 
17531 
17532 
17533 
17534 
17535 
17536 
17537 
17538 
17539 
17540 
17541 
17542 
17543 
17544 
17545 
17546 
17547 
17548 
17549 
17550 
17551 
17552 
17553 
17554 
17555 
17556 
17557 
17558 
17559 
17560 
17561 
17562 
17563 
17564 
17565 
17566 
17567 
17568 
17569 
17570 
17571 
17572 
17573 
17574 
17575 
17576 
17577 
17578 
17579 
17580 
17581 
17582 
17583 
17584 
17585 
17586 
17587 
17588 
17589 
17590 
17591 
17592 
17593 
17594 
17595 
17596 
17597 
17598 
17599 
37000 
37001 
37002 
37003 
37004 
37005 
37006 
37007 
37008 
37009 
37010 
37011 
37012 
37013 
37014 
37015 
37016 
37017 
37018 
37019 
37020 
37021 
37022 
37023 
37024 
37025 
37026 
37027 
37028 
37029 
37030 
37031 
37032 
37033 
37034 
37035 
37036 
37037 
37038 
37039 
37040 
37041 
37042 
37043 
37044 
37045 
37046 
37047 
37048 
37049 
37050 
37051 
37052 
37053 
37054 
37055 
37056 
37057 
37058 
37059 
37060 
37061 
37062 
37063 
37064 
37065 
37066 
37067 
37068 
37069 
37070 
37071 
37072 
37073 
37074 
37075 
37076 
37077 
37078 
37079 
37080 
37081 
37082 
37083 
37084 
37085 
37086 
37087 
37088 
37089 
37090 
37091 
37092 
37093 
37094 
37095 
37096 
37097 
37098 
37099 
37100 
37101 
37102 
37103 
37104 
37105 
37106 
37107 
37108 
37109 
37110 
37111 
37112 
37113 
37114 
37115 
37116 
37117 
37118 
37119 
37120 
37121 
37122 
37123 
37124 
37125 
37126 
37127 
37128 
37129 
37130 
37131 
37132 
37133 
37134 
37135 
37136 
37137 
37138 
37139 
37140 
37141 
37142 
37143 
37144 
37145 
37146 
37147 
37148 
37149 
37150 
37151 
37152 
37153 
37154 
37155 
37156 
37157 
37158 
37159 
37160 
37161 
37162 
37163 
37164 
37165 
37166 
37167 
37168 
37169 
37170 
37171 
37172 
37173 
37174 
37175 
37176 
37177 
37178 
37179 
37180 
37181 
37182 
37183 
37184 
37185 
37186 
37187 
37188 
37189 
37190 
37191 
37192 
37193 
37194 
37195 
37196 
37197 
37198 
37199 
37200 
37201 
37202 
37203 
37204 
37205 
37206 
37207 
37208 
37209 
37210 
37211 
37212 
37213 
37214 
37215 
37216 
37217 
37218 
37219 
37220 
37221 
37222 
37223 
37224 
37225 
37226 
37227 
37228 
37229 
37230 
37231 
37232 
37233 
37234 
37235 
37236 
37237 
37238 
37239 
37240 
37241 
37242 
37243 
37244 
37245 
37246 
37247 
37248 
37249 
37250 
37251 
37252 
37253 
37254 
37255 
37256 
37257 
37258 
37259 
37260 
37261 
37262 
37263 
37264 
37265 
37266 
37267 
37268 
37269 
37270 
37271 
37272 
37273 
37274 
37275 
37276 
37277 
37278 
37279 
37280 
37281 
37282 
37283 
37284 
37285 
37286 
37287 
37288 
37289 
37290 
37291 
37292 
37293 
37294 
37295 
37296 
37297 
37298 
37299 
37300 
37301 
37302 
37303 
37304 
37305 
37306 
37307 
37308 
37309 
37310 
37311 
37312 
37313 
37314 
37315 
37316 
37317 
37318 
37319 
37320 
37321 
37322 
37323 
37324 
37325 
37326 
37327 
37328 
37329 
37330 
37331 
37332 
37333 
37334 
37335 
37336 
37337 
37338 
37339 
37340 
37341 
37342 
37343 
37344 
37345 
37346 
37347 
37348 
37349 
37350 
37351 
37352 
37353 
37354 
37355 
37356 
37357 
37358 
37359 
37360 
37361 
37362 
37363 
37364 
37365 
37366 
37367 
37368 
37369 
37370 
37371 
37372 
37373 
37374 
37375 
37376 
37377 
37378 
37379 
37380 
37381 
37382 
37383 
37384 
37385 
37386 
37387 
37388 
37389 
37390 
37391 
37392 
37393 
37394 
37395 
37396 
37397 
37398 
37399 
37400 
37401 
37402 
37403 
37404 
37405 
37406 
37407 
37408 
37409 
37410 
37411 
37412 
37413 
37414 
37415 
37416 
37417 
37418 
37419 
37420 
37421 
37422 
37423 
37424 
37425 
37426 
37427 
37428 
37429 
37430 
37431 
37432 
37433 
37434 
37435 
37436 
37437 
37438 
37439 
37440 
37441 
37442 
37443 
37444 
37445 
37446 
37447 
37448 
37449 
37450 
37451 
37452 
37453 
37454 
37455 
37456 
37457 
37458 
37459 
37460 
37461 
37462 
37463 
37464 
37465 
37466 
37467 
37468 
37469 
37470 
37471 
37472 
37473 
37474 
37475 
37476 
37477 
37478 
37479 
37480 
37481 
37482 
37483 
37484 
37485 
37486 
37487 
37488 
37489 
37490 
37491 
37492 
37493 
37494 
37495 
37496 
37497 
37498 
37499 
37500 
37501 
37502 
37503 
37504 
37505 
37506 
37507 
37508 
37509 
37510 
37511 
37512 
37513 
37514 
37515 
37516 
37517 
37518 
37519 
21800 
21801 
21802 
21803 
21804 
21805 
21806 
21807 
21808 
21809 
21810 
21811 
21812 
21813 
21814 
21815 
21816 
21817 
21818 
21819 
21820 
21821 
21822 
21823 
21824 
21825 
21826 
21827 
21828 
21829 
21830 
21831 
21832 
21833 
21834 
21835 
21836 
21837 
21838 
21839 
21840 
21841 
21842 
21843 
21844 
21845 
21846 
21847 
21848 
21849 
21850 
21851 
21852 
21853 
21854 
21855 
21856 
21857 
21858 
21859 
21860 
21861 
21862 
21863 
21864 
21865 
21866 
21867 
21868 
21869 
21870 
21871 
21872 
21873 
21874 
21875 
21876 
21877 
21878 
21879 
21880 
21881 
21882 
21883 
21884 
21885 
21886 
21887 
21888 
21889 
21890 
21891 
21892 
21893 
21894 
21895 
21896 
21897 
21898 
21899 
21900 
21901 
21902 
21903 
21904 
21905 
21906 
21907 
21908 
21909 
21910 
21911 
21912 
21913 
21914 
21915 
21916 
21917 
21918 
21919 
21920 
21921 
21922 
21923 
21924 
21925 
21926 
21927 
21928 
21929 
21930 
21931 
21932 
21933 
21934 
21935 
21936 
21937 
21938 
21939 
21940 
21941 
21942 
21943 
21944 
21945 
21946 
21947 
21948 
21949 
21950 
21951 
21952 
21953 
21954 
21955 
21956 
21957 
21958 
21959 
21960 
21961 
21962 
21963 
21964 
21965 
21966 
21967 
21968 
21969 
21970 
21971 
21972 
21973 
21974 
21975 
21976 
21977 
21978 
21979 
21980 
21981 
21982 
21983 
21984 
21985 
21986 
21987 
21988 
21989 
21990 
21991 
21992 
21993 
21994 
21995 
21996 
21997 
21998 
21999 
22000 
22001 
22002 
22003 
22004 
22005 
22006 
22007 
22008 
22009 
22010 
22011 
22012 
22013 
22014 
22015 
22016 
22017 
22018 
22019 
22020 
22021 
22022 
22023 
22024 
22025 
22026 
22027 
22028 
22029 
22030 
22031 
22032 
22033 
22034 
22035 
22036 
22037 
22038 
22039 
22040 
22041 
22042 
22043 
22044 
22045 
22046 
22047 
22048 
22049 
22050 
22051 
22052 
22053 
22054 
22055 
22056 
22057 
22058 
22059 
22060 
22061 
22062 
22063 
22064 
22065 
22066 
22067 
22068 
22069 
22070 
22071 
22072 
22073 
22074 
22075 
22076 
22077 
22078 
22079 
22080 
22081 
22082 
22083 
22084 
22085 
22086 
22087 
22088 
22089 
22090 
22091 
22092 
22093 
22094 
22095 
22096 
22097 
22098 
22099 
22100 
22101 
22102 
22103 
22104 
22105 
22106 
22107 
22108 
22109 
22110 
22111 
22112 
22113 
22114 
22115 
22116 
22117 
22118 
22119 
22120 
22121 
22122 
22123 
22124 
22125 
22126 
22127 
22128 
22129 
22130 
22131 
22132 
22133 
22134 
22135 
22136 
22137 
22138 
22139 
22140 
22141 
22142 
22143 
22144 
22145 
22146 
22147 
22148 
22149 
22150 
22151 
22152 
22153 
22154 
22155 
22156 
22157 
22158 
22159 
22160 
22161 
22162 
22163 
22164 
22165 
22166 
22167 
22168 
22169 
22170 
22171 
22172 
22173 
22174 
22175 
22176 
22177 
22178 
22179 
22180 
22181 
22182 
22183 
22184 
22185 
22186 
22187 
22188 
22189 
22190 
22191 
22192 
22193 
22194 
22195 
22196 
22197 
22198 
22199 
22200 
22201 
22202 
22203 
22204 
22205 
22206 
22207 
22208 
22209 
22210 
22211 
22212 
22213 
22214 
22215 
22216 
22217 
22218 
22219 
22220 
22221 
22222 
22223 
22224 
22225 
22226 
22227 
22228 
22229 
22230 
22231 
22232 
22233 
22234 
22235 
22236 
22237 
22238 
22239 
22240 
22241 
22242 
22243 
22244 
22245 
22246 
22247 
22248 
22249 
22250 
22251 
22252 
22253 
22254 
22255 
22256 
22257 
22258 
22259 
22260 
22261 
22262 
22263 
22264 
22265 
22266 
22267 
22268 
22269 
22270 
22271 
22272 
22273 
22274 
22275 
22276 
22277 
22278 
22279 
22280 
22281 
22282 
22283 
22284 
22285 
22286 
22287 
22288 
22289 
22290 
22291 
22292 
22293 
22294 
22295 
22296 
22297 
22298 
22299 
22300 
22301 
22302 
22303 
22304 
22305 
22306 
22307 
22308 
22309 
22310 
22311 
22312 
22313 
22314 
22315 
22316 
22317 
22318 
22319 
22320 
22321 
22322 
22323 
22324 
22325 
22326 
22327 
22328 
22329 
22330 
22331 
22332 
22333 
22334 
22335 
22336 
22337 
22338 
22339 
22340 
22341 
22342 
22343 
22344 
22345 
22346 
22347 
22348 
22349 
22350 
22351 
22352 
22353 
22354 
22355 
22356 
22357 
22358 
22359 
22360 
22361 
22362 
22363 
22364 
22365 
22366 
22367 
22368 
22369 
22370 
22371 
22372 
22373 
22374 
22375 
22376 
22377 
22378 
22379 
22380 
22381 
22382 
22383 
22384 
22385 
22386 
22387 
22388 
22389 
22390 
22391 
22392 
22393 
22394 
22395 
22396 
22397 
22398 
22399 
26600 
26601 
26602 
26603 
26604 
26605 
26606 
26607 
26608 
26609 
26610 
26611 
26612 
26613 
26614 
26615 
26616 
26617 
26618 
26619 
26620 
26621 
26622 
26623 
26624 
26625 
26626 
26627 
26628 
26629 
26630 
26631 
26632 
26633 
26634 
26635 
26636 
26637 
26638 
26639 
26640 
26641 
26642 
26643 
26644 
26645 
26646 
26647 
26648 
26649 
26650 
26651 
26652 
26653 
26654 
26655 
26656 
26657 
26658 
26659 
26660 
26661 
26662 
26663 
26664 
26665 
26666 
26667 
26668 
26669 
26670 
26671 
26672 
26673 
26674 
26675 
26676 
26677 
26678 
26679 
26680 
26681 
26682 
26683 
26684 
26685 
26686 
26687 
26688 
26689 
26690 
26691 
26692 
26693 
26694 
26695 
26696 
26697 
26698 
26699 
26700 
26701 
26702 
26703 
26704 
26705 
26706 
26707 
26708 
26709 
26710 
26711 
26712 
26713 
26714 
26715 
26716 
26717 
26718 
26719 
26720 
26721 
26722 
26723 
26724 
26725 
26726 
26727 
26728 
26729 
26730 
26731 
26732 
26733 
26734 
26735 
26736 
26737 
26738 
26739 
26740 
26741 
26742 
26743 
26744 
26745 
26746 
26747 
26748 
26749 
26750 
26751 
26752 
26753 
26754 
26755 
26756 
26757 
26758 
26759 
26760 
26761 
26762 
26763 
26764 
26765 
26766 
26767 
26768 
26769 
26770 
26771 
26772 
26773 
26774 
26775 
26776 
26777 
26778 
26779 
26780 
26781 
26782 
26783 
26784 
26785 
26786 
26787 
26788 
26789 
26790 
26791 
26792 
26793 
26794 
26795 
26796 
26797 
26798 
26799 
26800 
26801 
26802 
26803 
26804 
26805 
26806 
26807 
26808 
26809 
26810 
26811 
26812 
26813 
26814 
26815 
26816 
26817 
26818 
26819 
26820 
26821 
26822 
26823 
26824 
26825 
26826 
26827 
26828 
26829 
26830 
26831 
26832 
26833 
26834 
26835 
26836 
26837 
26838 
26839 
26840 
26841 
26842 
26843 
26844 
26845 
26846 
26847 
26848 
26849 
26850 
26851 
26852 
26853 
26854 
26855 
26856 
26857 
26858 
26859 
26860 
26861 
26862 
26863 
26864 
26865 
26866 
26867 
26868 
26869 
26870 
26871 
26872 
26873 
26874 
26875 
26876 
26877 
26878 
26879 
26880 
26881 
26882 
26883 
26884 
26885 
26886 
26887 
26888 
26889 
26890 
26891 
26892 
26893 
26894 
26895 
26896 
26897 
26898 
26899 
26900 
26901 
26902 
26903 
26904 
26905 
26906 
26907 
26908 
26909 
26910 
26911 
26912 
26913 
26914 
26915 
26916 
26917 
26918 
26919 
26920 
26921 
26922 
26923 
26924 
26925 
26926 
26927 
26928 
26929 
26930 
26931 
26932 
26933 
26934 
26935 
26936 
26937 
26938 
26939 
26940 
26941 
26942 
26943 
26944 
26945 
26946 
26947 
26948 
26949 
26950 
26951 
26952 
26953 
26954 
26955 
26956 
26957 
26958 
26959 
26960 
26961 
26962 
26963 
26964 
26965 
26966 
26967 
26968 
26969 
26970 
26971 
26972 
26973 
26974 
26975 
26976 
26977 
26978 
26979 
26980 
26981 
26982 
26983 
26984 
26985 
26986 
26987 
26988 
26989 
26990 
26991 
26992 
26993 
26994 
26995 
26996 
26997 
26998 
26999 
27000 
27001 
27002 
27003 
27004 
27005 
27006 
27007 
27008 
27009 
27010 
27011 
27012 
27013 
27014 
27015 
27016 
27017 
27018 
27019 
27020 
27021 
27022 
27023 
27024 
27025 
27026 
27027 
27028 
27029 
27030 
27031 
27032 
27033 
27034 
27035 
27036 
27037 
27038 
27039 
27040 
27041 
27042 
27043 
27044 
27045 
27046 
27047 
27048 
27049 
27050 
27051 
27052 
27053 
27054 
27055 
27056 
27057 
27058 
27059 
27060 
27061 
27062 
27063 
27064 
27065 
27066 
27067 
27068 
27069 
27070 
27071 
27072 
27073 
27074 
27075 
27076 
27077 
27078 
27079 
27080 
27081 
27082 
27083 
27084 
27085 
27086 
27087 
27088 
27089 
27090 
27091 
27092 
27093 
27094 
27095 
27096 
27097 
27098 
27099 
27100 
27101 
27102 
27103 
27104 
27105 
27106 
27107 
27108 
27109 
27110 
27111 
27112 
27113 
27114 
27115 
27116 
27117 
27118 
27119 
27120 
27121 
27122 
27123 
27124 
27125 
27126 
27127 
27128 
27129 
27130 
27131 
27132 
27133 
27134 
27135 
27136 
27137 
27138 
27139 
27140 
27141 
27142 
27143 
27144 
27145 
27146 
27147 
27148 
27149 
27150 
27151 
27152 
27153 
27154 
27155 
27156 
27157 
27158 
27159 
27160 
27161 
27162 
27163 
27164 
27165 
27166 
27167 
27168 
27169 
27170 
27171 
27172 
27173 
27174 
27175 
27176 
27177 
27178 
27179 
27180 
27181 
27182 
27183 
27184 
27185 
27186 
27187 
27188 
27189 
27190 
27191 
27192 
27193 
27194 
27195 
27196 
27197 
27198 
27199 
)

// ************************************************************************* //
